{
 "cells": [
  {
   "cell_type": "code",
   "execution_count": 2,
   "metadata": {},
   "outputs": [],
   "source": [
    "from ipynb.fs.full.functions_secondaparte import *\n",
    "import numpy as np\n",
    "from operator import itemgetter\n",
    "\n",
    "from PIL import Image\n",
    "from numpy import asarray\n",
    "from scipy.stats import skew\n",
    "\n",
    "# load and display an image with Matplotlib\n",
    "from matplotlib import image\n",
    "from matplotlib import pyplot\n",
    "import matplotlib.pyplot as plt\n",
    "import json\n"
   ]
  },
  {
   "cell_type": "markdown",
   "metadata": {},
   "source": [
    "# Task 3\n",
    "Implementare un programma che, dati (a) uno dei tre modelli di feature, (b) un valore “k” specificato dall’utente\n",
    "- crei (e salvi) una matrice di similarita’ tipo-tipo,\n",
    "- applichi una riduzione della dimensionalita’ secondo un metodo scelto dall’utente (PCA, SVD, LDA) su questa matrice di similarita’ tipo-tipo\n",
    "- restituisca le top-k lsemantiche latent,\n",
    "\n",
    "Ciascuna semantica latente deve essere presentata sotto forma di sequenza di coppie tipo- peso, ordinate in modo decrescente rispetto ai pesi.\n",
    "Salvate le semantiche latenti in un file di output opportunamente etichettato (ossia, con nome informativo).\n"
   ]
  },
  {
   "cell_type": "code",
   "execution_count": 3,
   "metadata": {},
   "outputs": [
    {
     "name": "stdout",
     "output_type": "stream",
     "text": [
      "HOG\n",
      "['cc', 'con', 'emboss', 'jitter', 'neg', 'noise01', 'noise02', 'original', 'poster', 'rot', 'smooth', 'stipple']\n",
      "[array([0.32603522, 0.12376411, 0.04919728, ..., 0.03260726, 0.06928046,\n",
      "       0.16806338]), array([0.33960394, 0.08890537, 0.01448086, ..., 0.01545472, 0.03683605,\n",
      "       0.07574914]), array([0.39996382, 0.08448789, 0.02444256, ..., 0.01615965, 0.04693979,\n",
      "       0.20132406]), array([0.25108227, 0.1626618 , 0.10524315, ..., 0.09182085, 0.13091514,\n",
      "       0.1790689 ]), array([0.37899229, 0.08257748, 0.01723525, ..., 0.0302591 , 0.05605697,\n",
      "       0.18990848]), array([0.25742488, 0.17176331, 0.09986705, ..., 0.08798272, 0.13861848,\n",
      "       0.20047141]), array([0.23627141, 0.08887804, 0.1358958 , ..., 0.01708176, 0.12438002,\n",
      "       0.12918413]), array([0.3790297 , 0.08258913, 0.01723578, ..., 0.03025806, 0.05605966,\n",
      "       0.18990892]), array([0.39657843, 0.14021213, 0.01481374, ..., 0.0204935 , 0.05131624,\n",
      "       0.05377086]), array([0.14003281, 0.08813337, 0.12695017, ..., 0.06206484, 0.07187927,\n",
      "       0.09960726]), array([0.36602757, 0.04334914, 0.01366089, ..., 0.02039956, 0.03268889,\n",
      "       0.1557893 ]), array([0.29961944, 0.12498405, 0.08195191, ..., 0.0568802 , 0.07933765,\n",
      "       0.03972199])]\n",
      "3780\n",
      "[[1.         0.93776994 0.91118412 0.94409807 0.9789501  0.95236144\n",
      "  0.90100585 0.97895438 0.92470962 0.84664513 0.92799799 0.8686879 ]\n",
      " [0.93776994 1.         0.83025078 0.89433892 0.95054287 0.88818878\n",
      "  0.85319939 0.95055283 0.94262821 0.75730169 0.9098895  0.88597805]\n",
      " [0.91118412 0.83025078 1.         0.86409273 0.89657653 0.8619429\n",
      "  0.79235355 0.89656678 0.83269857 0.87788765 0.86559526 0.7537065 ]\n",
      " [0.94409807 0.89433892 0.86409273 1.         0.92992271 0.99189631\n",
      "  0.92055368 0.92991804 0.87212334 0.85279855 0.89311909 0.90167932]\n",
      " [0.9789501  0.95054287 0.89657653 0.92992271 1.         0.93828128\n",
      "  0.88864252 0.99999975 0.90382252 0.81495961 0.96428364 0.83123877]\n",
      " [0.95236144 0.88818878 0.8619429  0.99189631 0.93828128 1.\n",
      "  0.929188   0.93827837 0.86292336 0.8530458  0.89974583 0.88685879]\n",
      " [0.90100585 0.85319939 0.79235355 0.92055368 0.88864252 0.929188\n",
      "  1.         0.88863429 0.81740616 0.77501365 0.84612366 0.83113149]\n",
      " [0.97895438 0.95055283 0.89656678 0.92991804 0.99999975 0.93827837\n",
      "  0.88863429 1.         0.90386388 0.81495849 0.96428439 0.83128508]\n",
      " [0.92470962 0.94262821 0.83269857 0.87212334 0.90382252 0.86292336\n",
      "  0.81740616 0.90386388 1.         0.7799634  0.86837854 0.93902705]\n",
      " [0.84664513 0.75730169 0.87788765 0.85279855 0.81495961 0.8530458\n",
      "  0.77501365 0.81495849 0.7799634  1.         0.78565492 0.75864332]\n",
      " [0.92799799 0.9098895  0.86559526 0.89311909 0.96428364 0.89974583\n",
      "  0.84612366 0.96428439 0.86837854 0.78565492 1.         0.7916072 ]\n",
      " [0.8686879  0.88597805 0.7537065  0.90167932 0.83123877 0.88685879\n",
      "  0.83113149 0.83128508 0.93902705 0.75864332 0.7916072  1.        ]]\n",
      "QUA 0\n",
      "QUA 1\n",
      "PRIMA DELLO SWITCH\n",
      "SONO IN SVD\n",
      "\n",
      "Numero righe di U:  12\n",
      "\n",
      "Numero colonne di U:  12\n",
      "\n",
      "Numero righe di S:  12\n",
      "\n",
      "Numero colonne di S:  12\n",
      "\n",
      "Numero righe di VT:  12\n",
      "\n",
      "Numero colonne di VT:  12\n",
      "\n",
      "Left Singular Vectors:\n",
      "[[ 3.00978711e-01  2.54088487e-02 -1.03690153e-01 -6.57939688e-03\n",
      "   1.55616786e-01 -5.78181308e-02 -3.14903266e-01 -5.20278705e-01\n",
      "  -7.23484944e-02  6.66714584e-01 -2.25422061e-01 -6.87611390e-05]\n",
      " [ 2.91046364e-01 -3.01525993e-01 -2.13604426e-01 -1.75531389e-01\n",
      "   1.98517464e-02  2.54945561e-01 -3.93202777e-01  6.73635183e-01\n",
      "  -1.29864933e-01  2.20205474e-01  9.37895281e-02 -1.70934304e-04]\n",
      " [ 2.79403628e-01  4.72761252e-01 -8.62204267e-02 -3.02307633e-01\n",
      "   5.37704389e-01 -4.48652406e-01  1.91368640e-01  2.54856547e-01\n",
      "   5.75097720e-02 -7.38950275e-03  6.52361622e-02 -3.66462362e-05]\n",
      " [ 2.96077458e-01  5.89259915e-03  2.29106875e-01  2.71018123e-01\n",
      "  -2.26097686e-01 -3.81450989e-01 -1.10468816e-01  1.83170804e-01\n",
      "  -3.93331284e-01 -2.24612480e-01 -5.82084498e-01 -2.86015399e-04]\n",
      " [ 2.99089195e-01  1.89444717e-02 -3.24660301e-01  5.10641868e-02\n",
      "  -6.46935848e-02  3.05258505e-02 -1.95887980e-01 -1.48729003e-01\n",
      "   3.29552450e-01 -3.55012266e-01 -4.22328808e-02  7.07208068e-01]\n",
      " [ 2.96335693e-01  3.56827229e-02  1.83954272e-01  3.31737287e-01\n",
      "  -2.24534071e-01 -3.16241769e-01 -1.45925857e-01 -7.01898384e-02\n",
      "  -1.36256675e-01  3.85856538e-02  7.55197311e-01  1.06713482e-04]\n",
      " [ 2.81258769e-01 -6.82154071e-02  1.56944933e-01  6.07013328e-01\n",
      "   5.24087863e-01  4.24139668e-01  2.55187624e-01  4.37280956e-02\n",
      "   7.43540262e-03 -3.15798046e-02 -2.22549660e-02 -3.35802654e-05]\n",
      " [ 2.99091198e-01  1.88323224e-02 -3.24598886e-01  5.09314813e-02\n",
      "  -6.47351865e-02  3.05544203e-02 -1.95739960e-01 -1.49009480e-01\n",
      "   3.29936059e-01 -3.55131725e-01 -4.19077530e-02 -7.07005351e-01]\n",
      " [ 2.86679222e-01 -3.40867989e-01  5.65949984e-02 -4.68777123e-01\n",
      "   1.54315940e-01  1.41555344e-01  1.63938727e-01 -3.46629009e-01\n",
      "  -5.05387204e-01 -3.41091591e-01  1.26611400e-01  7.89409137e-05]\n",
      " [ 2.66467429e-01  5.85788894e-01  4.42498660e-01 -2.39784994e-01\n",
      "  -2.81623738e-01  4.93492127e-01 -8.55479227e-02  8.66586240e-03\n",
      "   4.37843959e-02 -3.10056417e-03 -1.94404768e-02  1.08910831e-05]\n",
      " [ 2.88826178e-01  4.83389467e-02 -4.25522782e-01  4.29054911e-02\n",
      "  -4.39502858e-01  6.17803815e-02  6.75743247e-01  6.10739764e-02\n",
      "  -7.75218822e-02  2.59376570e-01 -2.66059214e-02 -2.19246801e-06]\n",
      " [ 2.76647653e-01 -4.65383848e-01  4.84128340e-01 -2.03712113e-01\n",
      "  -7.34541143e-02 -1.88965767e-01  2.08512813e-01  4.36188794e-02\n",
      "   5.66089387e-01  1.35011709e-01 -7.63931100e-02  2.13540294e-04]]\n",
      "\n",
      "Singular Values:\n",
      "[[1.07260112e+01 0.00000000e+00 0.00000000e+00 0.00000000e+00\n",
      "  0.00000000e+00 0.00000000e+00 0.00000000e+00 0.00000000e+00\n",
      "  0.00000000e+00 0.00000000e+00 0.00000000e+00 0.00000000e+00]\n",
      " [0.00000000e+00 3.86524886e-01 0.00000000e+00 0.00000000e+00\n",
      "  0.00000000e+00 0.00000000e+00 0.00000000e+00 0.00000000e+00\n",
      "  0.00000000e+00 0.00000000e+00 0.00000000e+00 0.00000000e+00]\n",
      " [0.00000000e+00 0.00000000e+00 3.14536535e-01 0.00000000e+00\n",
      "  0.00000000e+00 0.00000000e+00 0.00000000e+00 0.00000000e+00\n",
      "  0.00000000e+00 0.00000000e+00 0.00000000e+00 0.00000000e+00]\n",
      " [0.00000000e+00 0.00000000e+00 0.00000000e+00 2.60507627e-01\n",
      "  0.00000000e+00 0.00000000e+00 0.00000000e+00 0.00000000e+00\n",
      "  0.00000000e+00 0.00000000e+00 0.00000000e+00 0.00000000e+00]\n",
      " [0.00000000e+00 0.00000000e+00 0.00000000e+00 0.00000000e+00\n",
      "  9.62757443e-02 0.00000000e+00 0.00000000e+00 0.00000000e+00\n",
      "  0.00000000e+00 0.00000000e+00 0.00000000e+00 0.00000000e+00]\n",
      " [0.00000000e+00 0.00000000e+00 0.00000000e+00 0.00000000e+00\n",
      "  0.00000000e+00 8.66392829e-02 0.00000000e+00 0.00000000e+00\n",
      "  0.00000000e+00 0.00000000e+00 0.00000000e+00 0.00000000e+00]\n",
      " [0.00000000e+00 0.00000000e+00 0.00000000e+00 0.00000000e+00\n",
      "  0.00000000e+00 0.00000000e+00 5.90787502e-02 0.00000000e+00\n",
      "  0.00000000e+00 0.00000000e+00 0.00000000e+00 0.00000000e+00]\n",
      " [0.00000000e+00 0.00000000e+00 0.00000000e+00 0.00000000e+00\n",
      "  0.00000000e+00 0.00000000e+00 0.00000000e+00 4.02795002e-02\n",
      "  0.00000000e+00 0.00000000e+00 0.00000000e+00 0.00000000e+00]\n",
      " [0.00000000e+00 0.00000000e+00 0.00000000e+00 0.00000000e+00\n",
      "  0.00000000e+00 0.00000000e+00 0.00000000e+00 0.00000000e+00\n",
      "  1.35934667e-02 0.00000000e+00 0.00000000e+00 0.00000000e+00]\n",
      " [0.00000000e+00 0.00000000e+00 0.00000000e+00 0.00000000e+00\n",
      "  0.00000000e+00 0.00000000e+00 0.00000000e+00 0.00000000e+00\n",
      "  0.00000000e+00 1.12076752e-02 0.00000000e+00 0.00000000e+00]\n",
      " [0.00000000e+00 0.00000000e+00 0.00000000e+00 0.00000000e+00\n",
      "  0.00000000e+00 0.00000000e+00 0.00000000e+00 0.00000000e+00\n",
      "  0.00000000e+00 0.00000000e+00 5.34504748e-03 0.00000000e+00]\n",
      " [0.00000000e+00 0.00000000e+00 0.00000000e+00 0.00000000e+00\n",
      "  0.00000000e+00 0.00000000e+00 0.00000000e+00 0.00000000e+00\n",
      "  0.00000000e+00 0.00000000e+00 0.00000000e+00 2.43454079e-07]]\n",
      "\n",
      "Right Singular Vectors:\n",
      "[[ 3.00978711e-01  2.91046364e-01  2.79403628e-01  2.96077458e-01\n",
      "   2.99089195e-01  2.96335693e-01  2.81258769e-01  2.99091198e-01\n",
      "   2.86679222e-01  2.66467429e-01  2.88826178e-01  2.76647653e-01]\n",
      " [ 2.54088487e-02 -3.01525993e-01  4.72761252e-01  5.89259915e-03\n",
      "   1.89444717e-02  3.56827229e-02 -6.82154071e-02  1.88323224e-02\n",
      "  -3.40867989e-01  5.85788894e-01  4.83389467e-02 -4.65383848e-01]\n",
      " [-1.03690153e-01 -2.13604426e-01 -8.62204267e-02  2.29106875e-01\n",
      "  -3.24660301e-01  1.83954272e-01  1.56944933e-01 -3.24598886e-01\n",
      "   5.65949984e-02  4.42498660e-01 -4.25522782e-01  4.84128340e-01]\n",
      " [-6.57939688e-03 -1.75531389e-01 -3.02307633e-01  2.71018123e-01\n",
      "   5.10641868e-02  3.31737287e-01  6.07013328e-01  5.09314813e-02\n",
      "  -4.68777123e-01 -2.39784994e-01  4.29054911e-02 -2.03712113e-01]\n",
      " [ 1.55616786e-01  1.98517464e-02  5.37704389e-01 -2.26097686e-01\n",
      "  -6.46935848e-02 -2.24534071e-01  5.24087863e-01 -6.47351865e-02\n",
      "   1.54315940e-01 -2.81623738e-01 -4.39502858e-01 -7.34541143e-02]\n",
      " [-5.78181308e-02  2.54945561e-01 -4.48652406e-01 -3.81450989e-01\n",
      "   3.05258505e-02 -3.16241769e-01  4.24139668e-01  3.05544203e-02\n",
      "   1.41555344e-01  4.93492127e-01  6.17803815e-02 -1.88965767e-01]\n",
      " [-3.14903266e-01 -3.93202777e-01  1.91368640e-01 -1.10468816e-01\n",
      "  -1.95887980e-01 -1.45925857e-01  2.55187624e-01 -1.95739960e-01\n",
      "   1.63938727e-01 -8.55479227e-02  6.75743247e-01  2.08512813e-01]\n",
      " [-5.20278705e-01  6.73635183e-01  2.54856547e-01  1.83170804e-01\n",
      "  -1.48729003e-01 -7.01898384e-02  4.37280956e-02 -1.49009480e-01\n",
      "  -3.46629009e-01  8.66586240e-03  6.10739764e-02  4.36188794e-02]\n",
      " [-7.23484944e-02 -1.29864933e-01  5.75097720e-02 -3.93331284e-01\n",
      "   3.29552450e-01 -1.36256675e-01  7.43540262e-03  3.29936059e-01\n",
      "  -5.05387204e-01  4.37843959e-02 -7.75218822e-02  5.66089387e-01]\n",
      " [ 6.66714584e-01  2.20205474e-01 -7.38950275e-03 -2.24612480e-01\n",
      "  -3.55012266e-01  3.85856538e-02 -3.15798046e-02 -3.55131725e-01\n",
      "  -3.41091591e-01 -3.10056417e-03  2.59376570e-01  1.35011709e-01]\n",
      " [-2.25422061e-01  9.37895281e-02  6.52361622e-02 -5.82084498e-01\n",
      "  -4.22328808e-02  7.55197311e-01 -2.22549660e-02 -4.19077530e-02\n",
      "   1.26611400e-01 -1.94404768e-02 -2.66059214e-02 -7.63931100e-02]\n",
      " [-6.87611390e-05 -1.70934304e-04 -3.66462362e-05 -2.86015399e-04\n",
      "   7.07208068e-01  1.06713482e-04 -3.35802654e-05 -7.07005351e-01\n",
      "   7.89409137e-05  1.08910831e-05 -2.19246801e-06  2.13540294e-04]]\n"
     ]
    },
    {
     "name": "stderr",
     "output_type": "stream",
     "text": [
      "/Library/Frameworks/Python.framework/Versions/3.10/lib/python3.10/site-packages/sklearn/utils/extmath.py:368: FutureWarning: If 'random_state' is not supplied, the current default is to use 0 as a fixed seed. This will change to  None in version 1.2 leading to non-deterministic results that better reflect nature of the randomized_svd solver. If you want to silence this warning, set 'random_state' to an integer seed or to None explicitly depending if you want your code to be deterministic or not.\n",
      "  warnings.warn(\n"
     ]
    },
    {
     "data": {
      "text/plain": [
       "2"
      ]
     },
     "execution_count": 3,
     "metadata": {},
     "output_type": "execute_result"
    }
   ],
   "source": [
    "ottieniKSemanticheLatentiTask34('HOG', 'tipo', 3, 'SVD')"
   ]
  },
  {
   "cell_type": "code",
   "execution_count": null,
   "metadata": {},
   "outputs": [],
   "source": []
  }
 ],
 "metadata": {
  "interpreter": {
   "hash": "aee8b7b246df8f9039afb4144a1f6fd8d2ca17a180786b69acc140d282b71a49"
  },
  "kernelspec": {
   "display_name": "Python 3.10.4 64-bit",
   "language": "python",
   "name": "python3"
  },
  "language_info": {
   "codemirror_mode": {
    "name": "ipython",
    "version": 3
   },
   "file_extension": ".py",
   "mimetype": "text/x-python",
   "name": "python",
   "nbconvert_exporter": "python",
   "pygments_lexer": "ipython3",
   "version": "3.10.4"
  },
  "orig_nbformat": 4
 },
 "nbformat": 4,
 "nbformat_minor": 2
}
